tax	#sample ID	Cyanobacteriia	Alphaproteobacteria	Actinobacteria	Gammaproteobacteria	Bacilli	Bacteroidia	Clostridia	Deinococci	Thermoleophilia	Rubrobacteria	others
Low_latitudes	L1	0.026259846	0.384264632	0.085280314	0.13181272	0.001828022	0.264180009	0.000410791	0.099894221	5.13489E-05	7.18885E-05	0.005946207
Low_latitudes	L2	0.222735923	0.452325079	0.100089898	0.075782518	0.010437463	0.044376729	0.019859199	0.024786055	0.002054803	0.000840601	0.046711732
Low_latitudes	L3	0.005899788	0.402324545	0.103154335	0.090817128	0.004187859	0.249106897	0.009974463	0.107603936	0.001888781	0.000827668	0.0242146
Low_latitudes	L4	0.156153312	0.38151165	0.029652081	0.120679422	0.006036497	0.262701269	0.001464924	0.014712382	0.000972406	0	0.026116057
Low_latitudes	L5	0.301997633	0.350697151	0.102407552	0.069873849	0.049450074	0.017291649	0.037498917	0.024522964	0.001789787	0.001255737	0.043214688
Low_latitudes	L6	0.150664229	0.331322364	0.113394272	0.136404631	0.055332115	0.042766606	0.071042048	0.03709933	0.001048141	0.002486289	0.058439976
Low_latitudes	L7	0.248704394	0.478783234	0.028185113	0.026717409	0.094712369	0.049720097	0.057370342	0.001194945	0.000298736	0.000272759	0.014040602
Low_latitudes	L8	0.266501564	0.332664234	0.081882169	0.101133994	0.03096976	0.063047445	0.023383733	0.01914755	0.003441084	0.011704901	0.066123566
Low_latitudes	L9	0.130213201	0.412894222	0.145988312	0.181912203	0.038827209	0.032995651	0.020535058	0.004124456	0.001108993	0.000348897	0.031051799
Low_latitudes	L10	0.17944441	0.178831177	0.210743852	0.299687251	0.011050469	0.042901821	0.012411848	0.010437236	0.003066168	0.005788925	0.045636843
Low_latitudes	L11	0.201893788	0.339008016	0.116823647	0.125581162	0.023937876	0.067164329	0.005180361	0.06993988	0.00248497	0.00247495	0.045511022
Low_latitudes	L12	0.079985598	0.361942482	0.138530087	0.259327603	0.014321077	0.061433908	0.002916423	0.046239705	0.001143166	0.002007291	0.032152662
Low_latitudes	L13	0.166518114	0.253142815	0.131598982	0.099929438	0.097617589	0.04132546	0.114979667	0.059253895	0.000547787	0.00288749	0.032198763
Low_latitudes	L14	0.064065739	0.307175326	0.233200405	0.139249096	0.059501566	0.034356786	0.03273934	0.097502254	0.001570968	0.00118055	0.02945797
Low_latitudes	L15	0.079252592	0.31584824	0.23503475	0.143488664	0.047430785	0.05238692	0.013694884	0.089894041	0.000729179	0.001857127	0.020382819
Low_latitudes	L16	0.052607095	0.176229781	0.265574119	0.389409466	0.029214349	0.033799859	0.019259141	0.008134296	0.000584819	0.001129763	0.024057312
Low_latitudes	L17	0.043978674	0.283900815	0.3137183	0.224773618	0.02791334	0.029831589	0.006671556	0.03684166	0.000987334	0.001565629	0.029817484
Low_latitudes	L18	0.274012684	0.272771837	0.149820767	0.16400625	0.026410123	0.029749686	0.005989767	0.024801618	0.008701247	0.002573608	0.041162413
Low_latitudes	L19	0.107736008	0.386506129	0.127133608	0.183240781	0.075364025	0.028392661	0.002635822	0.04932569	0.001317911	0.002443893	0.035903473
Low_latitudes	L20	0.004546313	0.217714643	0.275654713	0.389225384	0.01507691	0.048164771	0.002803318	0.011823318	0.00184467	2.90499E-05	0.033116911
Low_latitudes	L21	0.153817755	0.553873692	0.086927337	0.116730995	0.009956928	0.019264977	0.003065391	0.023381999	0.000771942	0.001845947	0.030363036
Mid_latitudes	M1	0.474746505	0.195716086	0.086134277	0.132549349	0.009623808	0.031103378	0.002051959	0.039839203	0.002231955	0.002447951	0.023555529
Mid_latitudes	M2	0.348932609	0.23830349	0.095799983	0.162401424	0.033725083	0.052727123	0.009418505	0.022903823	0.002722997	0.003901784	0.029163179
Mid_latitudes	M3	0.437650522	0.266318108	0.096920607	0.068895247	0.012710731	0.052644038	0.005115168	0.013266503	0.005084292	0.002151047	0.039243737
Mid_latitudes	M4	0.429046475	0.272790425	0.101160447	0.071858879	0.019166164	0.038013461	0.003427817	0.041874025	0.003268383	0.00268759	0.016706335
Mid_latitudes	M5	0.263535825	0.210362178	0.12465276	0.096375596	0.136354107	0.047434352	0.039781959	0.019379947	0.011911002	0.005202055	0.045010221
Mid_latitudes	M6	0.154824333	0.174236965	0.191864655	0.207563277	0.092706128	0.083958802	0.01120855	0.042062551	0.005155268	0.005288307	0.031131166
Mid_latitudes	M7	0.136388865	0.268177165	0.212193347	0.055675469	0.098659299	0.048978132	0.020684041	0.015812129	0.022410795	0.024038877	0.096981881
Mid_latitudes	M8	0.22799514	0.185844987	0.114102946	0.033211842	0.173980958	0.021434593	0.192948527	0.007735793	0.008640782	0.00539274	0.028711693
Mid_latitudes	M9	0.563679948	0.161697441	0.072795594	0.034130224	0.087826369	0.019863946	0.02829932	0.001684483	0.00563654	0.002734046	0.021652089
Mid_latitudes	M10	0.577335682	0.136782251	0.071613744	0.085592747	0.034689698	0.043512511	0.011386585	0.011744654	0.003136682	0.001475243	0.022730202
Mid_latitudes	M11	0.359951142	0.398789571	0.045533443	0.03725881	0.075784988	0.015713538	0.035256734	0.004729674	0.001478597	0.000753074	0.024750429
Mid_latitudes	M12	0.315846901	0.196675115	0.110666266	0.122161605	0.097083208	0.037243868	0.079359079	0.006984836	0.003694317	0.001907298	0.028377508
Mid_latitudes	M13	0.469655451	0.352129284	0.049907911	0.03680203	0.024414896	0.011230403	0.015542878	0.006873007	0.00111181	0.001493644	0.030838686
Mid_latitudes	M14	0.259743082	0.253658183	0.122180905	0.158485053	0.050284928	0.037873666	0.058687883	0.028734244	0.001774762	0.000410489	0.028166803
Mid_latitudes	M15	0.771816216	0.093160648	0.035423035	0.046236001	0.011537857	0.01163451	0.008940329	0.008759106	0.000797381	0.000543669	0.011151249
Mid_latitudes	M16	0.212804288	0.267006216	0.183657129	0.101753723	0.052111251	0.052911936	0.032917051	0.042113808	0.007217286	0.003347308	0.044160004
Mid_latitudes	M17	0.454584242	0.22174552	0.106475775	0.056402294	0.057374135	0.019733099	0.018038305	0.03130037	0.005973263	0.002797004	0.025575993
Mid_latitudes	M18	0.757153514	0.096779496	0.080126949	0.018827367	0.010810879	0.005829024	0.0079912	0.016589326	0.000341396	0.000568994	0.004981855
Mid_latitudes	M19	0.571098757	0.218517388	0.089070813	0.035718551	0.029721231	0.014648321	0.014449295	0.011835419	0.000517468	0.000172489	0.014250269
Mid_latitudes	M20	0.875401439	0.072219126	0.014199644	0.007856252	0.012315206	0.005162301	0.005626775	0.001977334	5.30828E-05	0.000544099	0.004644743
Mid_latitudes	M21	0.331966493	0.300861109	0.090926132	0.15496456	0.022049089	0.042129928	0.004252826	0.004135669	0.003596743	0.000644368	0.044473083
High_latitudes	H1	0.191059584	0.231230244	0.196486324	0.049352263	0.105035721	0.042445504	0.03207623	0.009236419	0.021752636	0.01808913	0.103235944
High_latitudes	H2	0.621011835	0.170367001	0.049615753	0.020486871	0.060787825	0.015313036	0.014915049	0.00138348	0.006424652	0.006623646	0.033070851
High_latitudes	H3	0.211754408	0.26558559	0.198832161	0.035564974	0.079491402	0.0361869	0.019959229	0.00457231	0.025717807	0.026570076	0.095765142
High_latitudes	H4	0.257204461	0.218792749	0.165369667	0.039208936	0.134884901	0.036636076	0.034769847	0.003669043	0.022739009	0.012520044	0.074205267
High_latitudes	H5	0.310273704	0.184278791	0.118377263	0.056980526	0.12452706	0.042137497	0.079871436	0.002935706	0.013792754	0.008680578	0.058144685
High_latitudes	H6	0.16779477	0.242965718	0.18622944	0.039283404	0.072987895	0.045740159	0.021761227	0.005243948	0.028241083	0.028425892	0.161326465
High_latitudes	H7	0.114416004	0.215853168	0.201966428	0.120472108	0.106647271	0.052059798	0.029351987	0.020427745	0.019509528	0.015743807	0.103552158
High_latitudes	H8	0.20284242	0.210085229	0.203006532	0.043982013	0.122974585	0.039846391	0.045951357	0.005437577	0.021608079	0.01437621	0.089889607
High_latitudes	H9	0.173832914	0.270489681	0.192826137	0.158144848	0.096077983	0.019374	0.031954916	0.007676491	0.005346127	0.004447491	0.039829411
High_latitudes	H10	0.131504185	0.165170229	0.273445452	0.174923659	0.088403749	0.033468544	0.027953755	0.006168057	0.017866095	0.00659344	0.074502833
High_latitudes	H11	0.076914736	0.297792174	0.233414201	0.125679357	0.085060244	0.063402139	0.022999878	0.017022891	0.013566811	0.005773688	0.05837388
High_latitudes	H12	0.085845608	0.148890739	0.242626036	0.148420253	0.186620101	0.025713872	0.055444971	0.010730701	0.019452789	0.006514422	0.069740509
High_latitudes	H13	0.525977704	0.097755455	0.142288661	0.073283057	0.069810421	0.010417909	0.014933826	0.005559199	0.00979194	0.009255395	0.040926434
High_latitudes	H14	0.358670242	0.106762239	0.192209846	0.226192932	0.065404978	0.01232467	0.01320132	0.000773515	0.005019252	0.003506601	0.015934406
High_latitudes	H15	0.404373501	0.118076108	0.188910552	0.199023747	0.052263196	0.010604127	0.003520682	0.0041098	0.002089967	0.001416689	0.015611631
High_latitudes	H16	0.266194177	0.127335128	0.285656487	0.212118253	0.03231162	0.046821156	0.002022964	0.012081979	0.001506759	0.000599914	0.013351563
High_latitudes	H17	0.127459537	0.16436581	0.292407172	0.208571353	0.091611129	0.043663387	0.003861208	0.005130646	0.005738919	0.020654819	0.03653602
High_latitudes	H18	0.119671595	0.145476991	0.230285272	0.295252402	0.127182675	0.01749115	0.019469316	0.001502216	0.006395574	0.007540828	0.029731981
High_latitudes	H19	0.048189294	0.137552301	0.350833213	0.388454047	0.029451017	0.011722695	0.010099553	0.002110085	0.004111961	0.002633098	0.014842736
High_latitudes	H20	0.0680328	0.157332631	0.313099685	0.253654302	0.076310201	0.025018213	0.038999891	0.003208656	0.007254352	0.004464217	0.052625052
High_latitudes	H21	0.205192841	0.195467873	0.196091439	0.139930744	0.090244517	0.031271145	0.061812585	0.005903971	0.007044963	0.004988524	0.062051398
